
<table style="text-align:center"><tr><td colspan="15" style="border-bottom: 1px solid black"></td></tr><tr><td style="text-align:left"></td><td>IB1</td><td>IB2</td><td>IB3</td><td>IB4</td><td>IB5</td><td>IB6</td><td>IB7</td><td>IB8</td><td>IB9</td><td>IB10</td><td>IB11</td><td>IB12</td><td>IB13</td><td>IB14</td></tr>
<tr><td colspan="15" style="border-bottom: 1px solid black"></td></tr><tr><td style="text-align:left">IB1</td><td>1</td><td>0.478</td><td>0.391</td><td>0.321</td><td>0.383</td><td>0.180</td><td>0.255</td><td>0.403</td><td>0.278</td><td>0.225</td><td>0.118</td><td>0.216</td><td>0.094</td><td>0.141</td></tr>
<tr><td style="text-align:left">IB2</td><td>0.478</td><td>1</td><td>0.432</td><td>0.359</td><td>0.372</td><td>0.253</td><td>0.363</td><td>0.320</td><td>0.378</td><td>0.207</td><td>0.196</td><td>0.262</td><td>0.244</td><td>0.188</td></tr>
<tr><td style="text-align:left">IB3</td><td>0.391</td><td>0.432</td><td>1</td><td>0.406</td><td>0.215</td><td>0.319</td><td>0.459</td><td>0.291</td><td>0.250</td><td>0.220</td><td>0.147</td><td>0.191</td><td>0.178</td><td>0.187</td></tr>
<tr><td style="text-align:left">IB4</td><td>0.321</td><td>0.359</td><td>0.406</td><td>1</td><td>0.308</td><td>0.170</td><td>0.296</td><td>0.343</td><td>0.247</td><td>0.267</td><td>0.311</td><td>0.171</td><td>0.173</td><td>0.236</td></tr>
<tr><td style="text-align:left">IB5</td><td>0.383</td><td>0.372</td><td>0.215</td><td>0.308</td><td>1</td><td>0.190</td><td>0.266</td><td>0.197</td><td>0.159</td><td>0.161</td><td>0.098</td><td>0.293</td><td>0.119</td><td>0.098</td></tr>
<tr><td style="text-align:left">IB6</td><td>0.180</td><td>0.253</td><td>0.319</td><td>0.170</td><td>0.190</td><td>1</td><td>0.294</td><td>0.060</td><td>0.091</td><td>0.088</td><td>0.049</td><td>0.136</td><td>0.193</td><td>0.073</td></tr>
<tr><td style="text-align:left">IB7</td><td>0.255</td><td>0.363</td><td>0.459</td><td>0.296</td><td>0.266</td><td>0.294</td><td>1</td><td>0.219</td><td>0.219</td><td>0.137</td><td>0.104</td><td>0.125</td><td>0.183</td><td>0.283</td></tr>
<tr><td style="text-align:left">IB8</td><td>0.403</td><td>0.320</td><td>0.291</td><td>0.343</td><td>0.197</td><td>0.060</td><td>0.219</td><td>1</td><td>0.524</td><td>0.372</td><td>0.350</td><td>0.296</td><td>0.330</td><td>0.276</td></tr>
<tr><td style="text-align:left">IB9</td><td>0.278</td><td>0.378</td><td>0.250</td><td>0.247</td><td>0.159</td><td>0.091</td><td>0.219</td><td>0.524</td><td>1</td><td>0.475</td><td>0.337</td><td>0.235</td><td>0.387</td><td>0.354</td></tr>
<tr><td style="text-align:left">IB10</td><td>0.225</td><td>0.207</td><td>0.220</td><td>0.267</td><td>0.161</td><td>0.088</td><td>0.137</td><td>0.372</td><td>0.475</td><td>1</td><td>0.363</td><td>0.240</td><td>0.401</td><td>0.474</td></tr>
<tr><td style="text-align:left">IB11</td><td>0.118</td><td>0.196</td><td>0.147</td><td>0.311</td><td>0.098</td><td>0.049</td><td>0.104</td><td>0.350</td><td>0.337</td><td>0.363</td><td>1</td><td>0.228</td><td>0.325</td><td>0.259</td></tr>
<tr><td style="text-align:left">IB12</td><td>0.216</td><td>0.262</td><td>0.191</td><td>0.171</td><td>0.293</td><td>0.136</td><td>0.125</td><td>0.296</td><td>0.235</td><td>0.240</td><td>0.228</td><td>1</td><td>0.254</td><td>0.206</td></tr>
<tr><td style="text-align:left">IB13</td><td>0.094</td><td>0.244</td><td>0.178</td><td>0.173</td><td>0.119</td><td>0.193</td><td>0.183</td><td>0.330</td><td>0.387</td><td>0.401</td><td>0.325</td><td>0.254</td><td>1</td><td>0.351</td></tr>
<tr><td style="text-align:left">IB14</td><td>0.141</td><td>0.188</td><td>0.187</td><td>0.236</td><td>0.098</td><td>0.073</td><td>0.283</td><td>0.276</td><td>0.354</td><td>0.474</td><td>0.259</td><td>0.206</td><td>0.351</td><td>1</td></tr>
<tr><td colspan="15" style="border-bottom: 1px solid black"></td></tr></table>
